#|num|weight|mean|covariance matrix|
|0|0.011354939972|91.052264961272 131.054119052346 94.404679004328|40.524720429408 -11.901297838302 8.883189838365 -11.901297838302 66.805736694729 40.979816041647 8.883189838365 40.979816041647 57.033081371783|
|1|0.016513444616|111.405744683152 78.842090477818 120.886864931635|80.760455375248 57.117430504371 -8.467126517678 57.117430504371 84.351279005429 21.148309469418 -8.467126517678 21.148309469418 80.207065697427|
|2|0.020828665422|119.390126593860 101.804649941236 80.330807032646|91.456491628509 -13.830247967049 29.814878142817 -13.830247967049 29.136420540181 5.370248817507 29.814878142817 5.370248817507 146.451712982029|
|3|0.011656344545|119.959113653802 89.372506697249 53.359068823934|52.392355557509 -12.474059133285 -4.960016888097 -12.474059133285 50.071343999086 8.421673861723 -4.960016888097 8.421673861723 29.578320321294|
|4|0.012957125239|101.413538917325 133.840417224633 114.628544388288|82.524382286063 -37.114077831971 26.495647400614 -37.114077831971 39.693900706534 -8.641694967500 26.495647400614 -8.641694967500 62.789146752095|
|5|0.016282189094|102.469633828512 60.316173322884 128.404364183488|42.902075697079 -23.175957668360 -3.699745503880 -23.175957668360 88.091867439725 -18.309011206004 -3.699745503880 -18.309011206004 41.691315926011|
|6|0.036930185971|85.596221280387 62.750834342524 75.716872777441|94.128669646338 6.638647728577 -22.489952082699 6.638647728577 56.169576320651 17.370136965882 -22.489952082699 17.370136965882 76.091151944598|
|7|0.013901351235|73.970328489138 53.619804223925 68.731681673941|73.987421150447 -24.635560692345 -18.587472560779 -24.635560692345 36.443535139801 -0.680151923107 -18.587472560779 -0.680151923107 58.419277538103|
|8|0.006216527286|112.381038765593 97.711468116476 141.704280956059|57.837068484190 5.994807276185 -15.083571736082 5.994807276185 41.127518665455 -3.275225334808 -15.083571736082 -3.275225334808 28.420775830375|
|9|0.021177233597|101.244764680190 121.513313113338 101.428550836784|124.832559915945 -52.642293673496 1.790732941323 -52.642293673496 76.303153162047 31.758580713564 1.790732941323 31.758580713564 58.722451219717|
|10|0.016548158916|97.129744623824 95.731262325427 50.534382395284|102.932076370133 -34.405872922722 10.623567432138 -34.405872922722 136.522997201788 -19.268970875458 10.623567432138 -19.268970875458 15.838317048865|
|11|0.033501724814|116.900625475785 91.534149651202 98.881454238698|68.069077801727 16.088033361026 -20.959939994313 16.088033361026 34.881448228318 -8.249015312907 -20.959939994313 -8.249015312907 253.810767596799|
|12|0.021238333663|102.370806551924 106.234009114230 131.639846699613|45.176246453446 5.985131530009 -8.953603123109 5.985131530009 138.551995525157 -18.105316991419 -8.953603123109 -18.105316991419 51.397821817376|
|13|0.015585318237|90.227969070474 116.258580245005 67.572518648974|66.536957013419 -22.578189697231 14.778635898585 -22.578189697231 33.936092760268 -13.856663403452 14.778635898585 -13.856663403452 101.272568145119|
|14|0.011452635925|60.020493737927 69.734370824037 61.124653506391|29.375843977420 -10.043063997233 -14.652173390454 -10.043063997233 69.868529086683 -24.254469158534 -14.652173390454 -24.254469158534 61.600582861255|
|15|0.010768245933|121.197276534251 112.764874190673 108.337162562304|129.428732096196 -52.916763497124 -65.465888797547 -52.916763497124 49.707819684982 24.028890676982 -65.465888797547 24.028890676982 66.824317912726|
|16|0.008288048307|103.567566008698 42.121254937157 125.861010266305|50.722276497489 3.239679932412 -1.775170901943 3.239679932412 26.894860309138 7.668100394829 -1.775170901943 7.668100394829 49.854806793315|
|17|0.028384270745|80.214299776093 131.123393952511 108.969532761206|53.994557556179 10.860560808094 -5.735883336400 10.860560808094 53.563534380235 8.770830708208 -5.735883336400 8.770830708208 58.772125448866|
|18|0.019210206021|112.146068104638 82.872793854491 66.931892868083|86.724604209183 40.486271161404 -12.774949402386 40.486271161404 65.372550982566 2.438790570567 -12.774949402386 2.438790570567 64.235410251546|
|19|0.005215185185|89.507564068232 75.092606729788 132.369391584659|36.948507080951 30.982572155717 24.046111591781 30.982572155717 70.265013809209 30.539125874180 24.046111591781 30.539125874180 50.619234480502|
|20|0.007783050896|108.281161060989 65.318120161077 66.468854262639|98.971301489568 93.093039777124 -34.934397174199 93.093039777124 118.277284899293 -31.566480813585 -34.934397174199 -31.566480813585 42.463530988235|
|21|0.033200039282|114.476755062580 102.025760614548 110.692499528565|85.935491316552 -9.564751332235 -31.244656401010 -9.564751332235 42.684578772851 -10.679156489463 -31.244656401010 -10.679156489463 157.788545915824|
|22|0.009905976066|70.192624549805 117.621882864265 114.117521113633|26.086197203917 -2.306138732052 30.039466341334 -2.306138732052 40.722184907572 18.729833937001 30.039466341334 18.729833937001 103.854001212576|
|23|0.041538716217|81.752795071110 117.126188134573 97.459835066105|57.738485658560 12.976044653240 25.118660040097 12.976044653240 56.630257154558 22.310779378671 25.118660040097 22.310779378671 179.207659364229|
|24|0.020294957702|89.527029472648 130.130317250682 127.139795782472|77.823562778516 -15.676509772395 15.890821875042 -15.676509772395 50.849435975233 -26.036853438374 15.890821875042 -26.036853438374 52.476768534974|
|25|0.015567999117|64.357851323853 62.544535971275 88.309236677660|42.700460835015 -5.081905858325 17.056459502404 -5.081905858325 41.144281546133 15.532745756363 17.056459502404 15.532745756363 75.675083300167|
|26|0.013302995060|73.670490186520 128.367586331958 95.650243366877|39.660462905324 26.931449613017 -0.737542692973 26.931449613017 80.668162046521 54.724844269820 -0.737542692973 54.724844269820 95.670778428579|
|27|0.033307514764|74.008015403264 100.255193929070 69.144013279231|70.279832085095 35.930805373328 -17.714203710932 35.930805373328 104.814080059921 -6.298694739719 -17.714203710932 -6.298694739719 85.014323010020|
|28|0.023603230462|84.070633437492 63.973938316204 57.669389100615|95.909091073340 -15.900752943173 18.197106835665 -15.900752943173 89.462702341136 -24.379893023145 18.197106835665 -24.379893023145 32.098132404312|
|29|0.010439609508|121.865425372283 84.087456896124 97.362960149031|106.224922218638 57.917411384444 -27.928684928016 57.917411384444 46.152674283067 -31.804253606723 -27.928684928016 -31.804253606723 118.408371582176|
|30|0.036276049881|98.288136643964 78.247479859274 111.056146959387|74.476866208637 50.493289957312 24.569875704248 50.493289957312 108.346750175952 69.329690055902 24.569875704248 69.329690055902 188.697343609274|
|31|0.010825820220|83.818044658959 53.221382046550 82.372653651081|73.482292846134 -4.400785390707 -36.488740360678 -4.400785390707 34.791424560820 35.774638281493 -36.488740360678 35.774638281493 88.382453321175|
|32|0.011579743517|133.878460505154 97.592919753273 98.881125912488|43.312866869190 11.765728902454 -21.719884880515 11.765728902454 37.474589313066 -12.355858798364 -21.719884880515 -12.355858798364 71.815839525269|
|33|0.009920533194|107.519101223425 111.397377598519 57.212894117648|124.575100312697 -71.033345906100 20.294905877663 -71.033345906100 60.525640102838 -11.462247989321 20.294905877663 -11.462247989321 34.431480283359|
|34|0.038031581473|98.590934442707 102.514597374625 62.747626813776|136.914471569784 -48.817149331480 12.998004879840 -48.817149331480 69.581814483032 -12.517385447799 12.998004879840 -12.517385447799 59.250651099865|
|35|0.033932287488|93.155635311770 82.934662537138 62.549600365964|137.014975830140 20.123229330043 -30.988266892849 20.123229330043 124.731312539892 -16.245969034140 -30.988266892849 -16.245969034140 42.955129831608|
|36|0.017570691258|83.235790022714 116.550785252603 125.083319532222|56.208322284655 -38.877695113761 29.085303914204 -38.877695113761 73.313704876322 -19.859566629719 29.085303914204 -19.859566629719 73.531281192199|
|37|0.012395476902|116.712543051753 112.162133409473 126.573548368132|42.308291142241 -39.353423831066 -15.958845999472 -39.353423831066 114.154556458696 -11.089614321501 -15.958845999472 -11.089614321501 60.104634643943|
|38|0.014908720318|103.398963702629 57.447885578799 114.042688762095|36.513119615254 5.633631920029 11.574711327901 5.633631920029 95.845450352829 -29.617915245052 11.574711327901 -29.617915245052 46.611833850267|
|39|0.040681336977|79.352960612322 72.103672101860 98.900310872890|101.418093984134 -34.816585034820 94.742601866671 -34.816585034820 95.040673763961 -42.480130825015 94.742601866671 -42.480130825015 174.699671198390|
|40|0.035707021192|76.776480238773 92.212693513340 55.425362351703|74.719911077589 36.424583850860 -5.236656800411 36.424583850860 179.431396021420 -12.693251884424 -5.236656800411 -12.693251884424 29.369225024649|
|41|0.009975623206|67.188734143396 111.395523891937 68.722238157770|49.682296053489 34.825621173485 -33.402599648220 34.825621173485 61.201375204131 0.070685860352 -33.402599648220 0.070685860352 107.536001540493|
|42|0.014086254293|59.390909112886 89.101214915219 62.407267399631|34.591550099757 8.550168207700 -20.659910857168 8.550168207700 50.432773206979 4.964783596647 -20.659910857168 4.964783596647 76.926031083245|
|43|0.018337228671|91.487638635196 55.410521735108 122.962751589022|30.044549914392 -14.840057758055 6.100861999967 -14.840057758055 80.553982860061 -11.952379212786 6.100861999967 -11.952379212786 61.212725126721|
|44|0.053654136726|94.950055941716 120.742718731248 115.251776747643|89.720250962477 -17.163417873504 13.160882724898 -17.163417873504 73.873373931528 1.963085189398 13.160882724898 1.963085189398 81.167189114860|
|45|0.020708616617|67.729944336207 101.286946073887 92.942714558356|68.809713724734 47.792748713823 65.836808734601 47.792748713823 171.291787739165 85.944154653826 65.836808734601 85.944154653826 121.208311961029|
|46|0.010813568914|70.683024279039 74.392046168104 104.767327693286|92.213586459906 -47.680139577794 110.713079734860 -47.680139577794 80.695265140654 -73.646530404079 110.713079734860 -73.646530404079 166.091664044159|
|47|0.007077779042|72.467159952974 86.086954888306 46.637304102079|53.097507549186 11.129727578298 -0.913708056682 11.129727578298 69.653454611799 -5.488841027072 -0.913708056682 -5.488841027072 10.335703335470|
|48|0.048694677671|69.886191692736 72.267777345892 69.897298152015|67.152517075898 -15.483769135777 -8.462579673680 -15.483769135777 94.929107353200 -8.622705135045 -8.462579673680 -8.622705135045 83.460011083784|
|49|0.007868628644|131.379450602184 109.386063672429 90.204158352095|56.509367996212 -6.717110319596 -2.883438483919 -6.717110319596 20.470742654621 13.991835584406 -2.883438483919 13.991835584406 47.751186811324|
